image_width: 1280
image_height: 720
camera_name: usb_cam
camera_matrix:
  rows: 3
  cols: 3
  data: [492.0896059129824, 0, 641.1079187290318, 0, 492.0782824926375, 358.8181933451449, 0, 0, 1]
distortion_model: equidistant
distortion_coefficients:
  rows: 1
  cols: 4
  data: [-0.05780827464621476, 0.02934849947290289, -0.0140930839264875, 0.003934484246954618]
rectification_matrix:
  rows: 3
  cols: 3
  data: [1, 0, 0, 0, 1, 0, 0, 0, 1]
projection_matrix:
  rows: 3
  cols: 4
  data: [492.0896059129824, 0, 641.1079187290318, 0, 0, 492.0782824926375, 358.8181933451449, 0, 0, 0, 1, 0]